% UPD generated using upd_EWL24
 E02           0.398     0.001  109
 E03           0.281     0.000  113
 E04           0.441     0.001  107
 E05           0.255     0.001  111
 E07           0.217     0.001  111
 E08           0.465     0.001  110
 E09           0.312     0.001  110
 E10           0.351     0.001  109
 E11           0.812     0.001  102
 E12           0.687     0.001  105
 E13           0.212     0.001  111
 E15           0.184     0.001  107
 E19           0.557     0.001  102
 E21           0.287     0.001  109
 E24           0.469     0.001  106
 E25           0.265     0.001  107
 E26           0.462     0.001  110
 E27           0.307     0.001  110
 E30           0.300     0.001  107
 E31           0.243     0.001  103
 E33           0.458     0.001  108
 E34           0.233     0.001  101
 E36           0.191     0.001  106
EOF
