% UPD generated using upd_EWL25
xC06           0.000 10000.000    0
xC07           0.000 10000.000    0
xC08           0.000 10000.000    0
xC09           0.000 10000.000    0
xC10           0.000 10000.000    0
xC11           0.000 10000.000    0
xC12           0.000 10000.000    0
xC13           0.000 10000.000    0
xC14           0.000 10000.000    0
xC16           0.000 10000.000    0
 C19          -0.482     0.004   65
 C20           0.390     0.004   61
 C21           0.915     0.004   63
 C22           0.506     0.004   65
 C24          -0.002     0.004   62
 C25           0.118     0.004   61
 C26           0.220     0.004   58
 C27           0.496     0.004   65
 C29           0.156     0.004   63
 C30           0.299     0.004   63
 C32           0.109     0.004   60
 C33           0.515     0.004   68
 C34           0.409     0.004   64
 C36           0.118     0.004   65
 C37           0.111     0.004   65
 C38           0.322     0.005   48
 C39           0.668     0.005   49
 C40           0.863     0.005   49
 C41           0.647     0.004   66
 C42           0.411     0.000   69
 C43          -0.481     0.004   64
 C44           0.395     0.004   64
 C45           0.489     0.004   59
 C46           0.133     0.004   62
EOF
