% UPD generated using upd_WL
 E02           0.217     0.007  155
 E03           0.545     0.007  154
 E04           0.509     0.007  153
 E05           0.349     0.007  157
 E07           0.434     0.007  157
 E08          -0.320     0.007  158
 E09           0.725     0.007  156
 E10           0.890     0.007  153
 E11           0.794     0.007  147
 E12           0.123     0.007  152
 E13           0.004     0.007  154
 E15           0.002     0.007  147
 E19           0.388     0.007  150
 E21           0.270     0.000  159
 E24           0.299     0.007  157
 E25           0.899     0.007  151
 E26           0.315     0.007  159
 E27           0.235     0.007  156
 E30           0.278     0.007  153
 E31           0.714     0.007  151
 E33           0.022     0.007  154
 E34           0.325     0.007  152
 E36           0.318     0.007  153
EOF
