% UPD generated using upd_WL
 C06          -0.071     0.010   86
 C07           0.011     0.011   69
 C08           0.299     0.011   77
 C09           0.199     0.011   71
 C10           0.758     0.011   70
 C11          -0.181     0.009  126
 C12          -0.107     0.009  124
 C13           0.338     0.010   91
 C14          -0.372     0.009  130
 C16           0.703     0.010   82
 C19           0.789     0.009  139
 C20           0.544     0.000  141
 C21           0.088     0.009  137
 C22           0.906     0.009  141
 C24           0.335     0.009  139
 C25           0.877     0.009  140
 C26          -0.357     0.009  139
 C27           0.840     0.009  139
 C29           0.209     0.009  137
 C30           0.891     0.009  138
 C32           0.744     0.009  127
 C33          -0.034     0.009  128
 C34           0.059     0.009  129
 C36           0.503     0.009  127
 C37           0.913     0.009  127
 C38           0.502     0.010   91
 C39           0.742     0.010   88
 C40           0.546     0.010   90
 C41           0.396     0.009  123
 C42           0.360     0.009  123
 C43           0.806     0.009  125
 C44           0.891     0.009  123
 C45           0.543     0.009  120
 C46           0.803     0.009  122
EOF
