% UPD generated using upd_EWL
xG02           0.000 10000.000    0
 G03           0.258     0.003  159
 G04           0.928     0.003  153
xG05           0.000 10000.000    0
 G06           0.713     0.003  156
xG07           0.000 10000.000    0
 G08           0.417     0.003  157
 G09           0.588     0.003  157
 G10           0.795     0.003  161
 G11           0.809     0.003  154
xG12           0.000 10000.000    0
xG13           0.000 10000.000    0
 G14           0.892     0.003  155
xG15           0.000 10000.000    0
xG16           0.000 10000.000    0
xG17           0.000 10000.000    0
 G18           0.674     0.003  158
xG19           0.000 10000.000    0
xG20           0.000 10000.000    0
xG21           0.000 10000.000    0
xG22           0.000 10000.000    0
 G23           0.150     0.003  155
 G24          -0.022     0.003  159
 G25           0.665     0.003  159
 G26          -0.453     0.003  160
 G27           0.286     0.003  158
 G28           0.250     0.003  157
xG29           0.000 10000.000    0
 G30           0.274     0.000  162
xG31           0.000 10000.000    0
 G32           0.580     0.003  157
EOF
