% UPD generated using upd_EWL25
 E02           0.299     0.003   48
 E03           0.404     0.000   51
 E04           0.661     0.003   47
 E05           0.986     0.003   48
 E07           0.050     0.003   45
 E08           0.193     0.003   48
 E09           0.035     0.003   48
 E10           0.719     0.003   48
 E11           0.681     0.003   47
 E12           0.178     0.003   45
 E13           0.792     0.003   47
 E15           0.427     0.003   48
 E19           0.219     0.003   41
 E21           0.707     0.003   49
 E24           0.316     0.003   47
 E25           0.196     0.003   50
 E26           0.171     0.003   47
 E27          -0.003     0.003   45
 E30           0.901     0.003   45
 E31           0.757     0.003   47
 E33           0.571     0.003   44
 E34           0.103     0.003   47
 E36           0.203     0.003   46
EOF
