% UPD generated using upd_EWL24
xC06           0.000 10000.000    0
xC07           0.000 10000.000    0
xC08           0.000 10000.000    0
xC09           0.000 10000.000    0
xC10           0.000 10000.000    0
xC11           0.000 10000.000    0
xC12           0.000 10000.000    0
xC13           0.000 10000.000    0
xC14           0.000 10000.000    0
xC16           0.000 10000.000    0
 C19          -0.036     0.011   16
 C20           0.741     0.011   16
 C21           0.192     0.011   18
 C22           0.660     0.012   15
 C24           0.454     0.012   14
 C25           0.752     0.011   16
 C26           0.052     0.011   17
 C27           0.290     0.012   14
 C29           0.778     0.012   15
 C30           0.380     0.012   14
 C32           0.210     0.012   14
 C33           0.897     0.011   16
 C34           0.324     0.012   15
 C36           0.907     0.000   19
 C37           0.609     0.011   16
 C38          -0.051     0.013   10
 C39           0.097     0.013   11
 C40           0.573     0.014    8
 C41           0.674     0.012   15
 C42           0.666     0.011   17
 C43           0.389     0.011   17
 C44           0.179     0.011   17
 C45           0.335     0.011   17
 C46          -0.022     0.012   14
EOF
