% UPD generated using upd_WL
 G02           0.461     0.008  162
 G03           0.465     0.008  160
 G04           0.847     0.008  159
 G05           0.724     0.008  162
 G06          -0.385     0.008  160
 G07          -0.015     0.008  157
 G08          -0.026     0.008  159
 G09           0.319     0.008  156
 G10           0.379     0.008  160
 G11           0.378     0.008  157
 G12           0.282     0.008  161
 G13          -0.037     0.008  160
 G14           0.705     0.008  155
 G15          -0.043     0.008  160
 G16          -0.413     0.008  160
 G17           0.395     0.008  157
 G18           0.507     0.008  161
 G19           0.431     0.000  163
 G20           0.881     0.008  160
 G21           0.530     0.008  159
 G22           0.134     0.008  161
 G23           0.873     0.008  159
 G24          -0.084     0.008  160
 G25          -0.313     0.008  157
 G26           0.004     0.008  159
 G27           0.853     0.008  158
 G28           0.246     0.008  158
 G29          -0.060     0.008  162
 G30           0.099     0.008  160
 G31           0.489     0.008  160
 G32          -0.339     0.008  158
EOF
