% UPD generated using upd_EWL
 E02           0.551     0.002  157
 E03           0.328     0.000  159
 E04           0.644     0.002  156
 E05           0.273     0.002  156
 E07           0.199     0.002  159
 E08           0.694     0.002  159
 E09           0.383     0.002  158
 E10           0.461     0.002  154
 E11           0.370     0.002  149
 E12           0.118     0.002  154
 E13           0.186     0.002  155
 E15           0.131     0.002  151
 E19           0.867     0.002  151
 E21           0.339     0.002  157
 E24           0.699     0.002  157
 E25           0.290     0.002  154
 E26           0.688     0.002  158
 E27           0.379     0.002  158
 E30           0.365     0.002  156
 E31           0.247     0.002  152
 E33           0.678     0.002  159
 E34           0.230     0.002  153
 E36           0.145     0.002  156
EOF
