% UPD generated using upd_EWL
xC06           0.000 10000.000    0
xC07           0.000 10000.000    0
xC08           0.000 10000.000    0
xC09           0.000 10000.000    0
xC10           0.000 10000.000    0
xC11           0.000 10000.000    0
xC12           0.000 10000.000    0
xC13           0.000 10000.000    0
xC14           0.000 10000.000    0
xC16           0.000 10000.000    0
 C19           0.297     0.004  118
 C20           0.935     0.004  117
 C21           0.439     0.004  116
 C22           0.708     0.004  119
 C24           0.825     0.004  117
 C25           0.371     0.004  119
 C26           0.869     0.004  118
 C27           0.069     0.004  118
 C29           0.364     0.004  115
 C30           0.431     0.004  112
 C32           0.197     0.004  116
 C33           0.196     0.004  118
 C34           0.248     0.000  120
 C36           0.578     0.004  117
 C37          -0.013     0.004  118
 C38           0.526     0.004   86
 C39           0.465     0.004   84
 C40           0.183     0.004   85
 C41           0.610     0.004  118
 C42           0.854     0.004  118
 C43           0.234     0.004  118
 C44           0.948     0.004  119
 C45           0.070     0.004  116
 C46           0.685     0.004  117
EOF
